route_id,service_id,trip_id,direction_id,wheelchair_accessible,bikes_allowed
5,2403,793256501,0,1,1
5,2403,793256511,0,1,1
5,2403,793256521,0,1,1
5,2403,793256531,0,1,1
5,2403,793256541,0,1,1
5,2403,793256551,0,1,1
5,2403,793256561,0,1,1
5,2403,793256571,0,1,1
5,2403,793256581,0,1,1
5,2403,793256591,0,1,1
5,2403,793256601,0,1,1
5,2403,793256611,0,1,1
5,2403,793256621,0,1,1
5,2403,793256631,0,1,1
5,2403,793256641,0,1,1
5,2403,793256651,0,1,1
5,2403,793256661,0,1,1
5,2403,793256671,0,1,1
5,2403,793256681,0,1,1
5,2403,793256691,0,1,1
5,2403,793256701,0,1,1
5,2403,793256711,0,1,1
5,2403,793256721,0,1,1
5,2403,793256731,0,1,1
5,2403,793256741,0,1,1
5,2403,793256751,0,1,1
5,2403,793256761,0,1,1
5,2403,793256771,0,1,1
5,2403,793256781,0,1,1
5,2403,793256791,0,1,1
5,2403,793256801,0,1,1
5,2403,793256811,0,1,1
5,2403,793256821,0,1,1
5,2403,793256831,0,1,1
5,2403,793256841,0,1,1
5,2403,793256851,0,1,1
5,2403,793256861,0,1,1
5,2403,793256871,0,1,1
5,2403,793256881,0,1,1
5,2403,793256891,0,1,1
5,2403,793256901,0,1,1
5,2403,793256911,0,1,1
5,2403,793256921,0,1,1
5,2403,793256931,0,1,1
5,2403,793256941,0,1,1
5,2403,793256951,0,1,1
5,2403,793256961,0,1,1
5,2403,793256971,0,1,1
5,2403,793256981,0,1,1
5,2403,793256991,0,1,1
5,2403,793257001,0,1,1
5,2403,793256502,1,1,1
5,2403,793256512,1,1,1
5,2403,793256522,1,1,1
5,2403,793256532,1,1,1
5,2403,793256542,1,1,1
5,2403,793256552,1,1,1
5,2403,793256562,1,1,1
5,2403,793256572,1,1,1
5,2403,793256582,1,1,1
5,2403,793256592,1,1,1
5,2403,793256602,1,1,1
5,2403,793256612,1,1,1
5,2403,793256622,1,1,1
5,2403,793256632,1,1,1
5,2403,793256642,1,1,1
5,2403,793256652,1,1,1
5,2403,793256662,1,1,1
5,2403,793256672,1,1,1
5,2403,793256682,1,1,1
5,2403,793256692,1,1,1
5,2403,793256702,1,1,1
5,2403,793256712,1,1,1
5,2403,793256722,1,1,1
5,2403,793256732,1,1,1
5,2403,793256742,1,1,1
5,2403,793256752,1,1,1
5,2403,793256762,1,1,1
5,2403,793256772,1,1,1
5,2403,793256782,1,1,1
5,2403,793256792,1,1,1
5,2403,793256802,1,1,1
5,2403,793256812,1,1,1
5,2403,793256822,1,1,1
5,2403,793256832,1,1,1
5,2403,793256842,1,1,1
5,2403,793256852,1,1,1
5,2403,793256862,1,1,1
5,2403,793256872,1,1,1
5,2403,793256882,1,1,1
5,2403,793256892,1,1,1
5,2403,793256902,1,1,1
5,2403,793256912,1,1,1
5,2403,793256922,1,1,1
5,2403,793256932,1,1,1
5,2403,793256942,1,1,1
5,2403,793256952,1,1,1
5,2403,793256962,1,1,1
5,2403,793256972,1,1,1
5,2403,793256982,1,1,1
5,2403,793256992,1,1,1
5,2403,793257002,1,1,1
126,2403,793284961,0,1,0
126,2403,793284971,0,1,0
126,2403,793284981,0,1,0
126,2403,793284991,0,1,0
126,2403,793285001,0,1,0
126,2403,793285011,0,1,0
126,2403,793285021,0,1,0
126,2403,793285031,0,1,0
126,2403,793285041,0,1,0
126,2403,793285051,0,1,0
126,2403,793285061,0,1,0
126,2403,793285071,0,1,0
126,2403,793285081,0,1,0
126,2403,793285091,0,1,0
126,2403,793285101,0,1,0
126,2403,793285111,0,1,0
126,2403,793285121,0,1,0
126,2403,793285131,0,1,0
126,2403,793285141,0,1,0
126,2403,793285151,0,1,0
126,2403,793285161,0,1,0
126,2403,793285171,0,1,0
126,2403,793285181,0,1,0
126,2403,793285191,0,1,0
126,2403,793285201,0,1,0
126,2403,793285211,0,1,0
126,2403,793285221,0,1,0
126,2403,793285231,0,1,0
126,2403,793285241,0,1,0
126,2403,793285251,0,1,0
126,2403,793285271,0,1,0
126,2403,793285281,0,1,0
126,2403,793284962,1,1,0
126,2403,793284972,1,1,0
126,2403,793284982,1,1,0
126,2403,793284992,1,1,0
126,2403,793285002,1,1,0
126,2403,793285012,1,1,0
126,2403,793285022,1,1,0
126,2403,793285032,1,1,0
126,2403,793285042,1,1,0
126,2403,793285052,1,1,0
126,2403,793285062,1,1,0
126,2403,793285072,1,1,0
126,2403,793285082,1,1,0
126,2403,793285092,1,1,0
126,2403,793285102,1,1,0
126,2403,793285112,1,1,0
126,2403,793285122,1,1,0
126,2403,793285132,1,1,0
126,2403,793285142,1,1,0
126,2403,793285152,1,1,0
126,2403,793285162,1,1,0
126,2403,793285172,1,1,0
126,2403,793285182,1,1,0
126,2403,793285192,1,1,0
126,2403,793285202,1,1,0
126,2403,793285212,1,1,0
126,2403,793285222,1,1,0
126,2403,793285232,1,1,0
126,2403,793285242,1,1,0
126,2403,793285252,1,1,0
126,2403,793285262,1,1,0
126,2403,793285272,1,1,0
126,2403,793285282,1,1,0
838,2403,793266951,0,1,0
838,2403,793266961,0,1,0
838,2403,793266971,0,1,0
838,2403,793266981,0,1,0
838,2403,793266991,0,1,0
838,2403,793267001,0,1,0
838,2403,793267011,0,1,0
838,2403,793267021,0,1,0
838,2403,793267031,0,1,0
838,2403,793267041,0,1,0
838,2403,793278011,0,1,0
838,2403,793278021,0,1,0
838,2403,793278031,0,1,0
838,2403,793278041,0,1,0
838,2403,793278051,0,1,0
838,2403,793278061,0,1,0
838,2403,793278071,0,1,0
838,2403,793278081,0,1,0
838,2403,793278091,0,1,0
838,2403,793278101,0,1,0
838,2403,793278111,0,1,0
838,2403,793278121,0,1,0
838,2403,793288851,0,1,0
838,2403,793288861,0,1,0
838,2403,793288881,0,1,0
838,2403,793289031,0,1,0
838,2403,793289041,0,1,0
838,2403,793289051,0,1,0
838,2403,793289061,0,1,0
838,2403,793289071,0,1,0
838,2403,793289081,0,1,0
838,2403,793289091,0,1,0
838,2403,793289101,0,1,0
838,2403,793289111,0,1,0
838,2403,793289121,0,1,0
838,2403,793289131,0,1,0
838,2403,793289141,0,1,0
838,2403,793289151,0,1,0
838,2403,793289161,0,1,0
838,2403,793289171,0,1,0
838,2403,793289181,0,1,0
838,2403,793289191,0,1,0
838,2403,793289201,0,1,0
838,2403,793289211,0,1,0
838,2403,793289221,0,1,0
838,2403,793289231,0,1,0
838,2403,793289341,0,1,0
838,2403,793289351,0,1,0
838,2403,793289361,0,1,0
838,2403,793289371,0,1,0
838,2403,793289381,0,1,0
838,2403,793289391,0,1,0
838,2403,793289401,0,1,0
838,2403,793289411,0,1,0
838,2403,793289421,0,1,0
838,2403,793289431,0,1,0
838,2403,793289441,0,1,0
838,2403,793289451,0,1,0
838,2403,793289471,0,1,0
838,2403,793289481,0,1,0
838,2403,793289491,0,1,0
838,2403,793289501,0,1,0
838,2403,793289511,0,1,0
838,2403,793289521,0,1,0
838,2403,793289531,0,1,0
838,2403,793289541,0,1,0
838,2403,793289551,0,1,0
838,2403,793289561,0,1,0
838,2403,793289571,0,1,0
838,2403,793289581,0,1,0
838,2403,793289591,0,1,0
838,2403,793289601,0,1,0
838,2403,793289611,0,1,0
838,2403,793289621,0,1,0
838,2403,793289631,0,1,0
838,2403,793289641,0,1,0
838,2403,793289651,0,1,0
838,2403,793289661,0,1,0
838,2403,793289671,0,1,0
838,2403,793289681,0,1,0
838,2403,793289691,0,1,0
838,2403,793289701,0,1,0
838,2403,793289711,0,1,0
838,2403,793289721,0,1,0
838,2403,793289731,0,1,0
838,2403,793289741,0,1,0
838,2403,793289751,0,1,0
838,2403,793289761,0,1,0
838,2403,793322391,0,1,0
838,2403,793322401,0,1,0
838,2403,793322411,0,1,0
838,2403,793322421,0,1,0
838,2403,793322431,0,1,0
838,2403,793322441,0,1,0
838,2403,793322451,0,1,0
838,2403,793322461,0,1,0
838,2403,793322471,0,1,0
838,2403,793322481,0,1,0
838,2403,793322491,0,1,0
838,2403,793322501,0,1,0
838,2403,793337501,0,1,0
838,2403,793337511,0,1,0
838,2403,793337521,0,1,0
838,2403,793337531,0,1,0
838,2403,793337541,0,1,0
838,2403,793337551,0,1,0
838,2403,793337561,0,1,0
838,2403,793337571,0,1,0
838,2403,793337581,0,1,0
838,2403,793337591,0,1,0
838,2403,793266952,1,1,0
838,2403,793266962,1,1,0
838,2403,793266972,1,1,0
838,2403,793266982,1,1,0
838,2403,793266992,1,1,0
838,2403,793267002,1,1,0
838,2403,793267012,1,1,0
838,2403,793267022,1,1,0
838,2403,793267032,1,1,0
838,2403,793267042,1,1,0
838,2403,793278012,1,1,0
838,2403,793278022,1,1,0
838,2403,793278032,1,1,0
838,2403,793278042,1,1,0
838,2403,793278052,1,1,0
838,2403,793278062,1,1,0
838,2403,793278072,1,1,0
838,2403,793278082,1,1,0
838,2403,793278092,1,1,0
838,2403,793278102,1,1,0
838,2403,793278112,1,1,0
838,2403,793278122,1,1,0
838,2403,793288852,1,1,0
838,2403,793288862,1,1,0
838,2403,793288872,1,1,0
838,2403,793288882,1,1,0
838,2403,793289032,1,1,0
838,2403,793289042,1,1,0
838,2403,793289052,1,1,0
838,2403,793289062,1,1,0
838,2403,793289072,1,1,0
838,2403,793289082,1,1,0
838,2403,793289092,1,1,0
838,2403,793289102,1,1,0
838,2403,793289112,1,1,0
838,2403,793289122,1,1,0
838,2403,793289132,1,1,0
838,2403,793289142,1,1,0
838,2403,793289152,1,1,0
838,2403,793289162,1,1,0
838,2403,793289172,1,1,0
838,2403,793289182,1,1,0
838,2403,793289192,1,1,0
838,2403,793289202,1,1,0
838,2403,793289212,1,1,0
838,2403,793289222,1,1,0
838,2403,793289232,1,1,0
838,2403,793289352,1,1,0
838,2403,793289362,1,1,0
838,2403,793289372,1,1,0
838,2403,793289382,1,1,0
838,2403,793289392,1,1,0
838,2403,793289402,1,1,0
838,2403,793289412,1,1,0
838,2403,793289422,1,1,0
838,2403,793289432,1,1,0
838,2403,793289442,1,1,0
838,2403,793289452,1,1,0
838,2403,793289462,1,1,0
838,2403,793289472,1,1,0
838,2403,793289482,1,1,0
838,2403,793289492,1,1,0
838,2403,793289502,1,1,0
838,2403,793289512,1,1,0
838,2403,793289522,1,1,0
838,2403,793289532,1,1,0
838,2403,793289542,1,1,0
838,2403,793289552,1,1,0
838,2403,793289562,1,1,0
838,2403,793289572,1,1,0
838,2403,793289582,1,1,0
838,2403,793289592,1,1,0
838,2403,793289602,1,1,0
838,2403,793289612,1,1,0
838,2403,793289622,1,1,0
838,2403,793289632,1,1,0
838,2403,793289642,1,1,0
838,2403,793289652,1,1,0
838,2403,793289662,1,1,0
838,2403,793289672,1,1,0
838,2403,793289682,1,1,0
838,2403,793289692,1,1,0
838,2403,793289702,1,1,0
838,2403,793289712,1,1,0
838,2403,793289722,1,1,0
838,2403,793289732,1,1,0
838,2403,793289742,1,1,0
838,2403,793289752,1,1,0
838,2403,793289762,1,1,0
838,2403,793322402,1,1,0
838,2403,793322412,1,1,0
838,2403,793322422,1,1,0
838,2403,793322432,1,1,0
838,2403,793322442,1,1,0
838,2403,793322452,1,1,0
838,2403,793322462,1,1,0
838,2403,793322472,1,1,0
838,2403,793322482,1,1,0
838,2403,793322492,1,1,0
838,2403,793322502,1,1,0
838,2403,793337502,1,1,0
838,2403,793337512,1,1,0
838,2403,793337522,1,1,0
838,2403,793337532,1,1,0
838,2403,793337542,1,1,0
838,2403,793337552,1,1,0
838,2403,793337562,1,1,0
838,2403,793337572,1,1,0
838,2403,793337582,1,1,0
838,2403,793337592,1,1,0
550,2408,779220161,0,1,0
550,2408,779220171,0,1,0
550,2408,779220181,0,1,0
550,2408,779220191,0,1,0
550,2408,779220201,0,1,0
550,2408,779220211,0,1,0